1.000E+0	2.000E-2
2.000E+0	-2.000E-2
3.000E+0	-9.000E-2
4.000E+0	-6.000E-2
5.000E+0	-1.900E-1
6.000E+0	-4.600E-1
7.000E+0	-1.700E-1
8.000E+0	6.500E-1
9.000E+0	4.700E-1
1.000E+1	-7.000E-2
1.100E+1	4.000E-2
1.200E+1	1.700E-1
1.300E+1	2.120E+0
1.400E+1	2.055E+1
1.500E+1	3.229E+1
1.600E+1	3.484E+1
1.700E+1	3.492E+1
1.800E+1	3.461E+1
1.900E+1	3.462E+1
2.000E+1	3.471E+1
2.100E+1	3.501E+1
2.200E+1	3.519E+1
2.300E+1	3.510E+1
2.400E+1	3.482E+1
2.500E+1	3.412E+1
2.600E+1	3.371E+1
2.700E+1	3.368E+1
2.800E+1	3.390E+1
2.900E+1	3.379E+1
3.000E+1	3.373E+1
3.100E+1	3.376E+1
3.200E+1	3.357E+1
3.300E+1	3.330E+1
3.400E+1	3.273E+1
3.500E+1	3.274E+1
3.600E+1	3.238E+1
3.700E+1	3.214E+1
3.800E+1	3.249E+1
3.900E+1	3.270E+1
4.000E+1	3.264E+1
4.100E+1	3.259E+1
4.200E+1	3.222E+1
4.300E+1	3.165E+1
4.305E+1	3.141E+1
4.310E+1	3.128E+1
4.315E+1	3.120E+1
4.320E+1	3.116E+1
4.325E+1	3.118E+1
4.330E+1	3.118E+1
4.335E+1	3.101E+1
4.340E+1	3.096E+1
4.345E+1	3.106E+1
4.350E+1	3.138E+1
4.355E+1	3.102E+1
4.360E+1	3.081E+1
4.365E+1	3.076E+1
4.370E+1	3.059E+1
4.375E+1	3.057E+1
4.380E+1	3.057E+1
4.385E+1	3.056E+1
4.390E+1	3.047E+1
4.395E+1	3.047E+1
4.400E+1	3.043E+1
4.405E+1	3.037E+1
4.410E+1	3.037E+1
4.415E+1	3.043E+1
4.420E+1	3.052E+1
4.425E+1	3.062E+1
4.430E+1	3.064E+1
4.435E+1	3.063E+1
4.440E+1	3.064E+1
4.445E+1	3.056E+1
4.450E+1	3.057E+1
4.455E+1	3.059E+1
4.460E+1	3.055E+1
4.465E+1	3.074E+1
4.470E+1	3.108E+1
4.475E+1	3.132E+1
4.480E+1	3.126E+1
4.485E+1	3.123E+1
4.490E+1	3.116E+1
4.495E+1	3.105E+1
4.500E+1	3.097E+1
4.505E+1	3.085E+1
4.510E+1	3.075E+1
4.515E+1	3.060E+1
4.520E+1	3.035E+1
4.525E+1	3.012E+1
4.530E+1	2.976E+1
4.535E+1	2.935E+1
4.540E+1	2.895E+1
4.545E+1	2.854E+1
4.550E+1	2.808E+1
4.555E+1	2.779E+1
4.560E+1	2.734E+1
4.565E+1	2.706E+1
4.570E+1	2.682E+1
4.575E+1	2.655E+1
4.580E+1	2.627E+1
4.585E+1	2.614E+1
4.590E+1	2.606E+1
4.595E+1	2.597E+1
4.600E+1	2.601E+1
4.605E+1	2.597E+1
4.610E+1	2.607E+1
4.615E+1	2.611E+1
4.620E+1	2.639E+1
4.625E+1	2.657E+1
4.630E+1	2.691E+1
4.635E+1	2.721E+1
4.640E+1	2.755E+1
4.645E+1	2.787E+1
4.650E+1	2.831E+1
4.655E+1	2.854E+1
4.660E+1	2.892E+1
4.665E+1	2.914E+1
4.670E+1	2.940E+1
4.675E+1	2.966E+1
4.680E+1	2.990E+1
4.685E+1	3.006E+1
4.690E+1	3.026E+1
4.695E+1	3.033E+1
4.700E+1	3.039E+1
4.705E+1	3.033E+1
4.710E+1	3.051E+1
4.715E+1	3.058E+1
4.720E+1	3.047E+1
4.725E+1	3.010E+1
4.730E+1	2.978E+1
4.735E+1	2.962E+1
4.740E+1	2.974E+1
4.745E+1	2.986E+1
4.750E+1	2.991E+1
4.755E+1	3.004E+1
4.760E+1	3.002E+1
4.765E+1	2.988E+1
4.770E+1	2.982E+1
4.775E+1	2.982E+1
4.780E+1	2.980E+1
4.785E+1	2.979E+1
4.790E+1	2.976E+1
4.795E+1	2.986E+1
4.800E+1	2.982E+1
4.805E+1	2.984E+1
4.810E+1	2.982E+1
4.815E+1	2.975E+1
4.820E+1	2.970E+1
4.825E+1	2.970E+1
4.830E+1	2.979E+1
4.835E+1	2.982E+1
4.840E+1	2.984E+1
4.845E+1	2.975E+1
4.850E+1	2.977E+1
4.855E+1	2.974E+1
4.860E+1	2.979E+1
4.865E+1	2.976E+1
4.870E+1	2.971E+1
4.875E+1	2.973E+1
4.880E+1	2.966E+1
4.885E+1	2.965E+1
4.890E+1	2.969E+1
4.895E+1	2.971E+1
4.900E+1	2.979E+1
5.000E+1	3.005E+1
5.100E+1	3.025E+1
5.200E+1	3.011E+1
5.300E+1	3.028E+1
5.400E+1	3.034E+1
5.500E+1	3.072E+1
5.600E+1	3.106E+1
5.700E+1	3.112E+1
5.800E+1	3.092E+1
5.900E+1	3.047E+1
6.000E+1	2.997E+1
