1.000E+0	1.800E-1
2.000E+0	-3.000E-1
3.000E+0	-8.000E-2
4.000E+0	-1.000E-2
5.000E+0	1.100E-1
6.000E+0	-6.000E-2
7.000E+0	-2.600E-1
8.000E+0	-4.100E-1
9.000E+0	0.000E+0
1.000E+1	3.200E-1
1.100E+1	4.000E-2
1.200E+1	5.900E-1
1.300E+1	5.950E+0
1.400E+1	4.173E+1
1.500E+1	6.227E+1
1.600E+1	6.586E+1
1.700E+1	6.157E+1
1.800E+1	5.859E+1
1.900E+1	5.769E+1
2.000E+1	5.751E+1
2.100E+1	5.709E+1
2.200E+1	5.546E+1
2.300E+1	5.446E+1
2.400E+1	5.433E+1
2.500E+1	5.306E+1
2.600E+1	5.203E+1
2.700E+1	5.206E+1
2.800E+1	5.246E+1
2.900E+1	5.254E+1
3.000E+1	5.331E+1
3.100E+1	5.383E+1
3.200E+1	5.354E+1
3.300E+1	5.292E+1
3.400E+1	5.185E+1
3.500E+1	5.113E+1
3.600E+1	5.112E+1
3.700E+1	5.096E+1
3.800E+1	5.126E+1
3.900E+1	5.121E+1
4.000E+1	5.104E+1
4.100E+1	5.097E+1
4.200E+1	5.077E+1
4.300E+1	5.046E+1
4.305E+1	5.043E+1
4.310E+1	5.032E+1
4.315E+1	5.023E+1
4.320E+1	5.005E+1
4.325E+1	4.993E+1
4.330E+1	4.984E+1
4.335E+1	4.985E+1
4.340E+1	4.985E+1
4.345E+1	4.986E+1
4.350E+1	4.992E+1
4.355E+1	4.983E+1
4.360E+1	4.976E+1
4.365E+1	4.969E+1
4.370E+1	4.970E+1
4.375E+1	4.957E+1
4.380E+1	4.947E+1
4.385E+1	4.927E+1
4.390E+1	4.928E+1
4.395E+1	5.009E+1
4.400E+1	5.004E+1
4.405E+1	4.955E+1
4.410E+1	4.935E+1
4.415E+1	4.924E+1
4.420E+1	4.925E+1
4.425E+1	4.902E+1
4.430E+1	4.893E+1
4.435E+1	4.923E+1
4.440E+1	4.925E+1
4.445E+1	4.923E+1
4.450E+1	4.880E+1
4.455E+1	4.877E+1
4.460E+1	4.871E+1
4.465E+1	4.862E+1
4.470E+1	4.846E+1
4.475E+1	4.914E+1
4.480E+1	4.868E+1
4.485E+1	4.883E+1
4.490E+1	4.870E+1
4.495E+1	4.819E+1
4.500E+1	4.846E+1
4.505E+1	4.871E+1
4.510E+1	4.889E+1
4.515E+1	4.890E+1
4.520E+1	4.902E+1
4.525E+1	4.911E+1
4.530E+1	4.864E+1
4.535E+1	4.846E+1
4.540E+1	4.907E+1
4.545E+1	4.957E+1
4.550E+1	5.025E+1
4.555E+1	4.924E+1
4.560E+1	4.867E+1
4.565E+1	4.914E+1
4.570E+1	4.932E+1
4.575E+1	4.917E+1
4.580E+1	4.893E+1
4.585E+1	4.878E+1
4.590E+1	4.869E+1
4.595E+1	4.856E+1
4.600E+1	4.859E+1
4.605E+1	4.853E+1
4.610E+1	4.851E+1
4.615E+1	4.854E+1
4.620E+1	4.850E+1
4.625E+1	4.843E+1
4.630E+1	4.842E+1
4.635E+1	4.843E+1
4.640E+1	4.839E+1
4.645E+1	4.834E+1
4.650E+1	4.835E+1
4.655E+1	4.838E+1
4.660E+1	4.828E+1
4.665E+1	4.822E+1
4.670E+1	4.814E+1
4.675E+1	4.810E+1
4.680E+1	4.818E+1
4.685E+1	4.849E+1
4.690E+1	4.833E+1
4.695E+1	4.811E+1
4.700E+1	4.807E+1
4.705E+1	4.812E+1
4.710E+1	4.809E+1
4.715E+1	4.802E+1
4.720E+1	4.796E+1
4.725E+1	4.794E+1
4.730E+1	4.783E+1
4.735E+1	4.776E+1
4.740E+1	4.774E+1
4.745E+1	4.775E+1
4.750E+1	4.773E+1
4.755E+1	4.762E+1
4.760E+1	4.757E+1
4.765E+1	4.755E+1
4.770E+1	4.751E+1
4.775E+1	4.739E+1
4.780E+1	4.744E+1
4.785E+1	4.744E+1
4.790E+1	4.738E+1
4.795E+1	4.736E+1
4.800E+1	4.742E+1
4.900E+1	4.743E+1
5.000E+1	4.773E+1
5.100E+1	4.848E+1
5.200E+1	4.852E+1
5.300E+1	4.866E+1
5.400E+1	4.898E+1
5.500E+1	4.896E+1
5.600E+1	4.921E+1
5.700E+1	4.909E+1
5.800E+1	4.874E+1
5.900E+1	4.823E+1
6.000E+1	4.726E+1
