1.000E+0	-4.000E-2
2.000E+0	-4.000E-2
3.000E+0	0.000E+0
4.000E+0	8.000E-2
5.000E+0	-3.000E-2
6.000E+0	-5.000E-2
7.000E+0	-2.000E-2
8.000E+0	0.000E+0
9.000E+0	1.000E-2
1.000E+1	5.000E-2
1.100E+1	-1.000E-2
1.200E+1	8.300E-1
1.300E+1	1.839E+1
1.400E+1	3.503E+1
1.500E+1	3.941E+1
1.600E+1	4.005E+1
1.700E+1	3.969E+1
1.800E+1	3.963E+1
1.900E+1	3.989E+1
2.000E+1	3.994E+1
2.100E+1	3.990E+1
2.200E+1	3.968E+1
2.300E+1	3.972E+1
2.400E+1	3.919E+1
2.500E+1	3.828E+1
2.600E+1	3.790E+1
2.700E+1	3.814E+1
2.800E+1	3.834E+1
2.900E+1	3.847E+1
3.000E+1	3.856E+1
3.100E+1	3.846E+1
3.200E+1	3.850E+1
3.300E+1	3.803E+1
3.400E+1	3.715E+1
3.500E+1	3.684E+1
3.600E+1	3.695E+1
3.700E+1	3.688E+1
3.800E+1	3.671E+1
3.900E+1	3.652E+1
4.000E+1	3.643E+1
4.100E+1	3.608E+1
4.200E+1	3.574E+1
4.300E+1	3.532E+1
4.305E+1	3.505E+1
4.310E+1	3.487E+1
4.315E+1	3.481E+1
4.320E+1	3.475E+1
4.325E+1	3.471E+1
4.330E+1	3.468E+1
4.335E+1	3.462E+1
4.340E+1	3.453E+1
4.345E+1	3.458E+1
4.350E+1	3.466E+1
4.355E+1	3.478E+1
4.360E+1	3.484E+1
4.365E+1	3.488E+1
4.370E+1	3.486E+1
4.375E+1	3.484E+1
4.380E+1	3.480E+1
4.385E+1	3.473E+1
4.390E+1	3.470E+1
4.395E+1	3.463E+1
4.400E+1	3.458E+1
4.405E+1	3.446E+1
4.410E+1	3.427E+1
4.415E+1	3.405E+1
4.420E+1	3.381E+1
4.425E+1	3.355E+1
4.430E+1	3.330E+1
4.435E+1	3.307E+1
4.440E+1	3.279E+1
4.445E+1	3.258E+1
4.450E+1	3.239E+1
4.455E+1	3.220E+1
4.460E+1	3.204E+1
4.465E+1	3.186E+1
4.470E+1	3.170E+1
4.475E+1	3.162E+1
4.480E+1	3.155E+1
4.485E+1	3.157E+1
4.490E+1	3.162E+1
4.495E+1	3.165E+1
4.500E+1	3.166E+1
4.505E+1	3.170E+1
4.510E+1	3.173E+1
4.515E+1	3.186E+1
4.520E+1	3.197E+1
4.525E+1	3.211E+1
4.530E+1	3.225E+1
4.535E+1	3.245E+1
4.540E+1	3.257E+1
4.545E+1	3.282E+1
4.550E+1	3.300E+1
4.555E+1	3.323E+1
4.560E+1	3.342E+1
4.565E+1	3.363E+1
4.570E+1	3.380E+1
4.575E+1	3.397E+1
4.580E+1	3.412E+1
4.585E+1	3.426E+1
4.590E+1	3.434E+1
4.595E+1	3.441E+1
4.600E+1	3.443E+1
4.605E+1	3.443E+1
4.610E+1	3.445E+1
4.615E+1	3.443E+1
4.620E+1	3.436E+1
4.625E+1	3.437E+1
4.630E+1	3.440E+1
4.635E+1	3.441E+1
4.640E+1	3.443E+1
4.645E+1	3.445E+1
4.650E+1	3.443E+1
4.655E+1	3.442E+1
4.660E+1	3.439E+1
4.665E+1	3.436E+1
4.670E+1	3.431E+1
4.675E+1	3.423E+1
4.680E+1	3.418E+1
4.685E+1	3.413E+1
4.690E+1	3.414E+1
4.695E+1	3.409E+1
4.700E+1	3.400E+1
4.705E+1	3.400E+1
4.710E+1	3.397E+1
4.715E+1	3.398E+1
4.720E+1	3.396E+1
4.725E+1	3.395E+1
4.730E+1	3.398E+1
4.735E+1	3.396E+1
4.740E+1	3.391E+1
4.745E+1	3.388E+1
4.750E+1	3.388E+1
4.755E+1	3.387E+1
4.760E+1	3.386E+1
4.765E+1	3.390E+1
4.770E+1	3.392E+1
4.775E+1	3.388E+1
4.780E+1	3.383E+1
4.785E+1	3.377E+1
4.790E+1	3.377E+1
4.795E+1	3.371E+1
4.800E+1	3.368E+1
4.900E+1	3.404E+1
5.000E+1	3.442E+1
5.100E+1	3.432E+1
5.200E+1	3.423E+1
5.300E+1	3.434E+1
5.400E+1	3.432E+1
5.500E+1	3.427E+1
5.600E+1	3.467E+1
5.700E+1	3.466E+1
5.800E+1	3.432E+1
5.900E+1	3.362E+1
6.000E+1	3.305E+1
