1.000E+0	2.000E-2
2.000E+0	2.000E-2
3.000E+0	-3.000E-2
4.000E+0	-4.000E-2
5.000E+0	0.000E+0
6.000E+0	4.000E-2
7.000E+0	1.000E-2
8.000E+0	-3.000E-2
9.000E+0	-1.000E-2
1.000E+1	6.000E-2
1.100E+1	2.000E-2
1.200E+1	4.700E-1
1.300E+1	5.790E+0
1.400E+1	2.760E+1
1.500E+1	3.831E+1
1.600E+1	4.024E+1
1.700E+1	4.040E+1
1.800E+1	4.048E+1
1.900E+1	4.096E+1
2.000E+1	4.091E+1
2.100E+1	4.081E+1
2.200E+1	4.062E+1
2.300E+1	4.045E+1
2.400E+1	4.007E+1
2.500E+1	3.927E+1
2.600E+1	3.878E+1
2.700E+1	3.905E+1
2.800E+1	3.949E+1
2.900E+1	3.949E+1
3.000E+1	3.941E+1
3.100E+1	3.953E+1
3.200E+1	3.913E+1
3.300E+1	3.874E+1
3.400E+1	3.768E+1
3.500E+1	3.719E+1
3.600E+1	3.726E+1
3.700E+1	3.706E+1
3.800E+1	3.724E+1
3.900E+1	3.725E+1
4.000E+1	3.723E+1
4.100E+1	3.703E+1
4.200E+1	3.651E+1
4.300E+1	3.599E+1
4.305E+1	3.578E+1
4.310E+1	3.569E+1
4.315E+1	3.561E+1
4.320E+1	3.559E+1
4.325E+1	3.551E+1
4.330E+1	3.546E+1
4.335E+1	3.570E+1
4.340E+1	3.561E+1
4.345E+1	3.546E+1
4.350E+1	3.560E+1
4.355E+1	3.584E+1
4.360E+1	3.594E+1
4.365E+1	3.595E+1
4.370E+1	3.591E+1
4.375E+1	3.581E+1
4.380E+1	3.577E+1
4.385E+1	3.573E+1
4.390E+1	3.531E+1
4.395E+1	3.507E+1
4.400E+1	3.511E+1
4.405E+1	3.515E+1
4.410E+1	3.520E+1
4.415E+1	3.518E+1
4.420E+1	3.555E+1
4.425E+1	3.572E+1
4.430E+1	3.570E+1
4.435E+1	3.518E+1
4.440E+1	3.465E+1
4.445E+1	3.435E+1
4.450E+1	3.437E+1
4.455E+1	3.466E+1
4.460E+1	3.429E+1
4.465E+1	3.377E+1
4.470E+1	3.343E+1
4.475E+1	3.326E+1
4.480E+1	3.309E+1
4.485E+1	3.289E+1
4.490E+1	3.280E+1
4.495E+1	3.269E+1
4.500E+1	3.260E+1
4.505E+1	3.277E+1
4.510E+1	3.268E+1
4.515E+1	3.276E+1
4.520E+1	3.297E+1
4.525E+1	3.327E+1
4.530E+1	3.337E+1
4.535E+1	3.352E+1
4.540E+1	3.372E+1
4.545E+1	3.349E+1
4.550E+1	3.319E+1
4.555E+1	3.293E+1
4.560E+1	3.294E+1
4.565E+1	3.322E+1
4.570E+1	3.356E+1
4.575E+1	3.369E+1
4.580E+1	3.394E+1
4.585E+1	3.385E+1
4.590E+1	3.383E+1
4.595E+1	3.418E+1
4.600E+1	3.461E+1
4.605E+1	3.446E+1
4.610E+1	3.451E+1
4.615E+1	3.454E+1
4.620E+1	3.520E+1
4.625E+1	3.573E+1
4.630E+1	3.602E+1
4.635E+1	3.596E+1
4.640E+1	3.572E+1
4.645E+1	3.567E+1
4.650E+1	3.571E+1
4.655E+1	3.537E+1
4.660E+1	3.548E+1
4.665E+1	3.550E+1
4.670E+1	3.560E+1
4.675E+1	3.565E+1
4.680E+1	3.567E+1
4.685E+1	3.554E+1
4.690E+1	3.556E+1
4.695E+1	3.516E+1
4.700E+1	3.492E+1
4.705E+1	3.482E+1
4.710E+1	3.478E+1
4.715E+1	3.474E+1
4.720E+1	3.468E+1
4.725E+1	3.460E+1
4.730E+1	3.456E+1
4.735E+1	3.493E+1
4.740E+1	3.517E+1
4.745E+1	3.479E+1
4.750E+1	3.458E+1
4.755E+1	3.448E+1
4.760E+1	3.441E+1
4.765E+1	3.442E+1
4.770E+1	3.440E+1
4.775E+1	3.440E+1
4.780E+1	3.442E+1
4.785E+1	3.442E+1
4.790E+1	3.437E+1
4.795E+1	3.436E+1
4.800E+1	3.438E+1
4.900E+1	3.438E+1
5.000E+1	3.477E+1
5.100E+1	3.499E+1
5.200E+1	3.482E+1
5.300E+1	3.487E+1
5.400E+1	3.493E+1
5.500E+1	3.495E+1
5.600E+1	3.497E+1
5.700E+1	3.487E+1
5.800E+1	3.464E+1
5.900E+1	3.408E+1
6.000E+1	3.336E+1
