1.000E+0	1.000E-1
2.000E+0	-5.000E-2
3.000E+0	0.000E+0
4.000E+0	5.000E-2
5.000E+0	-8.000E-2
6.000E+0	3.900E-1
7.000E+0	-1.900E-1
8.000E+0	9.000E-2
9.000E+0	2.400E-1
1.000E+1	1.000E-2
1.100E+1	-5.000E-2
1.200E+1	1.700E+0
1.300E+1	2.474E+1
1.400E+1	1.044E+2
1.500E+1	1.458E+2
1.600E+1	1.500E+2
1.700E+1	1.500E+2
1.800E+1	1.500E+2
1.900E+1	1.500E+2
2.000E+1	1.500E+2
2.100E+1	1.500E+2
2.200E+1	1.500E+2
2.300E+1	1.500E+2
2.400E+1	1.500E+2
2.500E+1	1.495E+2
2.600E+1	1.471E+2
2.700E+1	1.483E+2
2.800E+1	1.497E+2
2.900E+1	1.500E+2
3.000E+1	1.500E+2
3.100E+1	1.500E+2
3.200E+1	1.490E+2
3.300E+1	1.477E+2
3.400E+1	1.449E+2
3.500E+1	1.426E+2
3.600E+1	1.430E+2
3.700E+1	1.432E+2
3.800E+1	1.439E+2
3.900E+1	1.438E+2
4.000E+1	1.435E+2
4.100E+1	1.429E+2
4.200E+1	1.411E+2
4.300E+1	1.394E+2
4.305E+1	1.388E+2
4.310E+1	1.384E+2
4.315E+1	1.382E+2
4.320E+1	1.381E+2
4.325E+1	1.377E+2
4.330E+1	1.373E+2
4.335E+1	1.369E+2
4.340E+1	1.366E+2
4.345E+1	1.365E+2
4.350E+1	1.364E+2
4.355E+1	1.362E+2
4.360E+1	1.359E+2
4.365E+1	1.357E+2
4.370E+1	1.353E+2
4.375E+1	1.342E+2
4.380E+1	1.329E+2
4.385E+1	1.323E+2
4.390E+1	1.321E+2
4.395E+1	1.325E+2
4.400E+1	1.336E+2
4.405E+1	1.351E+2
4.410E+1	1.357E+2
4.415E+1	1.353E+2
4.420E+1	1.348E+2
4.425E+1	1.341E+2
4.430E+1	1.337E+2
4.435E+1	1.332E+2
4.440E+1	1.326E+2
4.445E+1	1.322E+2
4.450E+1	1.318E+2
4.455E+1	1.315E+2
4.460E+1	1.312E+2
4.465E+1	1.308E+2
4.470E+1	1.305E+2
4.475E+1	1.302E+2
4.480E+1	1.301E+2
4.485E+1	1.300E+2
4.490E+1	1.301E+2
4.495E+1	1.302E+2
4.500E+1	1.304E+2
4.505E+1	1.305E+2
4.510E+1	1.306E+2
4.515E+1	1.307E+2
4.520E+1	1.307E+2
4.525E+1	1.309E+2
4.530E+1	1.310E+2
4.535E+1	1.313E+2
4.540E+1	1.316E+2
4.545E+1	1.319E+2
4.550E+1	1.322E+2
4.555E+1	1.324E+2
4.560E+1	1.318E+2
4.565E+1	1.315E+2
4.570E+1	1.320E+2
4.575E+1	1.326E+2
4.580E+1	1.330E+2
4.585E+1	1.336E+2
4.590E+1	1.340E+2
4.595E+1	1.343E+2
4.600E+1	1.345E+2
4.605E+1	1.346E+2
4.610E+1	1.347E+2
4.615E+1	1.347E+2
4.620E+1	1.348E+2
4.625E+1	1.347E+2
4.630E+1	1.346E+2
4.635E+1	1.346E+2
4.640E+1	1.346E+2
4.645E+1	1.345E+2
4.650E+1	1.344E+2
4.655E+1	1.342E+2
4.660E+1	1.342E+2
4.665E+1	1.341E+2
4.670E+1	1.337E+2
4.675E+1	1.334E+2
4.680E+1	1.333E+2
4.685E+1	1.332E+2
4.690E+1	1.332E+2
4.695E+1	1.330E+2
4.700E+1	1.328E+2
4.705E+1	1.329E+2
4.710E+1	1.326E+2
4.715E+1	1.324E+2
4.720E+1	1.322E+2
4.725E+1	1.320E+2
4.730E+1	1.317E+2
4.735E+1	1.317E+2
4.740E+1	1.317E+2
4.745E+1	1.316E+2
4.750E+1	1.313E+2
4.755E+1	1.312E+2
4.760E+1	1.312E+2
4.765E+1	1.311E+2
4.770E+1	1.309E+2
4.775E+1	1.310E+2
4.780E+1	1.310E+2
4.785E+1	1.309E+2
4.790E+1	1.308E+2
4.795E+1	1.307E+2
4.800E+1	1.307E+2
4.900E+1	1.309E+2
5.000E+1	1.323E+2
5.100E+1	1.326E+2
5.200E+1	1.318E+2
5.300E+1	1.317E+2
5.400E+1	1.318E+2
5.500E+1	1.313E+2
5.600E+1	1.309E+2
5.700E+1	1.302E+2
5.800E+1	1.289E+2
5.900E+1	1.265E+2
6.000E+1	1.238E+2
