1.000E+0	2.000E-2
2.000E+0	0.000E+0
3.000E+0	0.000E+0
4.000E+0	0.000E+0
5.000E+0	-1.000E-2
6.000E+0	0.000E+0
7.000E+0	0.000E+0
8.000E+0	-2.000E-2
9.000E+0	0.000E+0
1.000E+1	0.000E+0
1.100E+1	0.000E+0
1.200E+1	8.800E-1
1.300E+1	1.723E+1
1.400E+1	5.357E+1
1.500E+1	6.860E+1
1.600E+1	7.108E+1
1.700E+1	7.123E+1
1.800E+1	7.119E+1
1.900E+1	7.149E+1
2.000E+1	7.158E+1
2.100E+1	7.149E+1
2.200E+1	7.105E+1
2.300E+1	7.095E+1
2.400E+1	7.018E+1
2.500E+1	6.857E+1
2.600E+1	6.787E+1
2.700E+1	6.861E+1
2.800E+1	6.927E+1
2.900E+1	6.967E+1
3.000E+1	6.969E+1
3.100E+1	6.984E+1
3.200E+1	6.935E+1
3.300E+1	6.865E+1
3.400E+1	6.712E+1
3.500E+1	6.589E+1
3.600E+1	6.626E+1
3.700E+1	6.682E+1
3.800E+1	6.703E+1
3.900E+1	6.666E+1
4.000E+1	6.678E+1
4.100E+1	6.648E+1
4.200E+1	6.539E+1
4.300E+1	6.472E+1
4.305E+1	6.445E+1
4.310E+1	6.429E+1
4.315E+1	6.417E+1
4.320E+1	6.406E+1
4.325E+1	6.389E+1
4.330E+1	6.374E+1
4.335E+1	6.367E+1
4.340E+1	6.362E+1
4.345E+1	6.358E+1
4.350E+1	6.351E+1
4.355E+1	6.339E+1
4.360E+1	6.327E+1
4.365E+1	6.312E+1
4.370E+1	6.293E+1
4.375E+1	6.282E+1
4.380E+1	6.271E+1
4.385E+1	6.263E+1
4.390E+1	6.262E+1
4.395E+1	6.271E+1
4.400E+1	6.283E+1
4.405E+1	6.278E+1
4.410E+1	6.264E+1
4.415E+1	6.245E+1
4.420E+1	6.231E+1
4.425E+1	6.210E+1
4.430E+1	6.189E+1
4.435E+1	6.170E+1
4.440E+1	6.160E+1
4.445E+1	6.158E+1
4.450E+1	6.150E+1
4.455E+1	6.141E+1
4.460E+1	6.123E+1
4.465E+1	6.116E+1
4.470E+1	6.115E+1
4.475E+1	6.120E+1
4.480E+1	6.122E+1
4.485E+1	6.133E+1
4.490E+1	6.143E+1
4.495E+1	6.155E+1
4.500E+1	6.162E+1
4.505E+1	6.170E+1
4.510E+1	6.174E+1
4.515E+1	6.179E+1
4.520E+1	6.188E+1
4.525E+1	6.203E+1
4.530E+1	6.212E+1
4.535E+1	6.228E+1
4.540E+1	6.241E+1
4.545E+1	6.248E+1
4.550E+1	6.252E+1
4.555E+1	6.258E+1
4.560E+1	6.265E+1
4.565E+1	6.280E+1
4.570E+1	6.296E+1
4.575E+1	6.309E+1
4.580E+1	6.320E+1
4.585E+1	6.317E+1
4.590E+1	6.311E+1
4.595E+1	6.310E+1
4.600E+1	6.306E+1
4.605E+1	6.306E+1
4.610E+1	6.305E+1
4.615E+1	6.306E+1
4.620E+1	6.301E+1
4.625E+1	6.298E+1
4.630E+1	6.290E+1
4.635E+1	6.287E+1
4.640E+1	6.289E+1
4.645E+1	6.281E+1
4.650E+1	6.272E+1
4.655E+1	6.261E+1
4.660E+1	6.254E+1
4.665E+1	6.249E+1
4.670E+1	6.239E+1
4.675E+1	6.237E+1
4.680E+1	6.236E+1
4.685E+1	6.236E+1
4.690E+1	6.233E+1
4.695E+1	6.229E+1
4.700E+1	6.223E+1
4.705E+1	6.211E+1
4.710E+1	6.197E+1
4.715E+1	6.184E+1
4.720E+1	6.181E+1
4.725E+1	6.176E+1
4.730E+1	6.163E+1
4.735E+1	6.160E+1
4.740E+1	6.159E+1
4.745E+1	6.153E+1
4.750E+1	6.149E+1
4.755E+1	6.151E+1
4.760E+1	6.149E+1
4.765E+1	6.144E+1
4.770E+1	6.138E+1
4.775E+1	6.136E+1
4.780E+1	6.132E+1
4.785E+1	6.131E+1
4.790E+1	6.123E+1
4.795E+1	6.121E+1
4.800E+1	6.121E+1
4.900E+1	6.121E+1
5.000E+1	6.169E+1
5.100E+1	6.174E+1
5.200E+1	6.135E+1
5.300E+1	6.140E+1
5.400E+1	6.137E+1
5.500E+1	6.108E+1
5.600E+1	6.096E+1
5.700E+1	6.058E+1
5.800E+1	6.002E+1
5.900E+1	5.909E+1
6.000E+1	5.786E+1
