1.000E+0	-5.700E-1
2.000E+0	-4.100E-1
3.000E+0	8.000E-2
4.000E+0	2.300E+0
5.000E+0	-2.600E-1
6.000E+0	2.310E+0
7.000E+0	-1.650E+0
8.000E+0	-1.660E+0
9.000E+0	-4.170E+0
1.000E+1	-1.290E+0
1.100E+1	-4.700E-1
1.200E+1	-3.960E+0
1.300E+1	1.630E+0
1.400E+1	2.270E+1
1.500E+1	3.150E+1
1.600E+1	3.108E+1
1.700E+1	3.264E+1
1.800E+1	3.279E+1
1.900E+1	3.354E+1
2.000E+1	3.215E+1
2.100E+1	2.999E+1
2.200E+1	3.708E+1
2.300E+1	3.665E+1
2.400E+1	3.284E+1
2.500E+1	3.135E+1
2.600E+1	3.072E+1
2.700E+1	3.441E+1
2.800E+1	3.356E+1
2.900E+1	3.576E+1
3.000E+1	3.162E+1
3.100E+1	3.274E+1
3.200E+1	3.521E+1
3.300E+1	3.428E+1
3.400E+1	3.166E+1
3.500E+1	2.970E+1
3.600E+1	3.085E+1
3.700E+1	3.293E+1
3.800E+1	4.310E+1
3.900E+1	2.582E+1
4.000E+1	-8.560E+0
4.100E+1	1.037E+1
4.200E+1	2.392E+1
4.300E+1	5.934E+1
4.305E+1	6.820E+1
4.310E+1	5.321E+1
4.315E+1	3.687E+1
4.320E+1	2.821E+1
4.325E+1	2.630E+1
4.330E+1	2.943E+1
4.335E+1	3.128E+1
4.340E+1	3.065E+1
4.345E+1	3.057E+1
4.350E+1	3.300E+1
4.355E+1	3.618E+1
4.360E+1	3.360E+1
4.365E+1	3.249E+1
4.370E+1	3.663E+1
4.375E+1	3.003E+1
4.380E+1	2.215E+1
4.385E+1	2.337E+1
4.390E+1	3.256E+1
4.395E+1	3.882E+1
4.400E+1	4.055E+1
4.405E+1	4.246E+1
4.410E+1	3.489E+1
4.415E+1	3.173E+1
4.420E+1	2.851E+1
4.425E+1	2.689E+1
4.430E+1	2.693E+1
4.435E+1	3.158E+1
4.440E+1	3.263E+1
4.445E+1	2.624E+1
4.450E+1	3.000E+1
4.455E+1	3.434E+1
4.460E+1	3.669E+1
4.465E+1	3.382E+1
4.470E+1	3.157E+1
4.475E+1	3.100E+1
4.480E+1	3.066E+1
4.485E+1	2.835E+1
4.490E+1	2.756E+1
4.495E+1	2.897E+1
4.500E+1	3.115E+1
4.505E+1	2.316E+1
4.510E+1	2.173E+1
4.515E+1	2.816E+1
4.520E+1	2.697E+1
4.525E+1	2.869E+1
4.530E+1	2.803E+1
4.535E+1	2.956E+1
4.540E+1	2.826E+1
4.545E+1	3.689E+1
4.550E+1	3.560E+1
4.555E+1	3.111E+1
4.560E+1	3.543E+1
4.565E+1	3.096E+1
4.570E+1	2.790E+1
4.575E+1	2.691E+1
4.580E+1	2.907E+1
4.585E+1	3.106E+1
4.590E+1	2.984E+1
4.595E+1	3.170E+1
4.600E+1	3.145E+1
4.605E+1	2.985E+1
4.610E+1	3.245E+1
4.615E+1	3.344E+1
4.620E+1	3.447E+1
4.625E+1	3.276E+1
4.630E+1	2.554E+1
4.635E+1	1.782E+1
4.640E+1	2.820E+1
4.645E+1	3.457E+1
4.650E+1	3.289E+1
4.655E+1	2.754E+1
4.660E+1	2.779E+1
4.665E+1	3.477E+1
4.670E+1	2.909E+1
4.675E+1	2.702E+1
4.680E+1	3.118E+1
4.685E+1	3.645E+1
4.690E+1	3.198E+1
4.695E+1	3.266E+1
4.700E+1	3.715E+1
4.705E+1	3.267E+1
4.710E+1	3.032E+1
4.715E+1	2.345E+1
4.720E+1	3.059E+1
4.725E+1	3.408E+1
4.730E+1	3.434E+1
4.735E+1	3.344E+1
4.740E+1	3.190E+1
4.745E+1	3.139E+1
4.750E+1	2.893E+1
4.755E+1	3.248E+1
4.760E+1	3.539E+1
4.765E+1	3.085E+1
4.770E+1	2.956E+1
4.775E+1	3.059E+1
4.780E+1	2.927E+1
4.785E+1	3.035E+1
4.790E+1	3.247E+1
4.795E+1	3.027E+1
4.800E+1	2.948E+1
4.805E+1	3.007E+1
4.810E+1	3.081E+1
4.815E+1	3.187E+1
4.820E+1	3.061E+1
4.825E+1	3.179E+1
4.830E+1	3.019E+1
4.835E+1	2.568E+1
4.840E+1	3.231E+1
4.845E+1	3.834E+1
4.850E+1	3.360E+1
4.855E+1	3.121E+1
4.860E+1	2.879E+1
4.865E+1	2.964E+1
4.870E+1	3.396E+1
4.875E+1	3.720E+1
4.880E+1	3.318E+1
4.885E+1	2.879E+1
4.890E+1	3.097E+1
4.895E+1	3.277E+1
4.900E+1	3.351E+1
5.000E+1	3.353E+1
5.100E+1	3.057E+1
5.200E+1	2.780E+1
5.300E+1	2.992E+1
5.400E+1	2.887E+1
5.500E+1	3.058E+1
5.600E+1	2.909E+1
5.700E+1	3.076E+1
5.800E+1	3.509E+1
5.900E+1	2.831E+1
6.000E+1	3.358E+1
