1.000E+0	8.000E-2
2.000E+0	-1.470E+0
3.000E+0	-3.450E+0
4.000E+0	2.600E-1
5.000E+0	2.280E+0
6.000E+0	1.480E+0
7.000E+0	-4.440E+0
8.000E+0	-9.000E-1
9.000E+0	-7.300E-1
1.000E+1	1.190E+0
1.100E+1	-9.500E-1
1.200E+1	2.400E-1
1.300E+1	1.662E+1
1.400E+1	5.875E+1
1.500E+1	7.535E+1
1.600E+1	8.140E+1
1.700E+1	8.152E+1
1.800E+1	8.126E+1
1.900E+1	7.861E+1
2.000E+1	7.812E+1
2.100E+1	7.534E+1
2.200E+1	8.327E+1
2.300E+1	8.658E+1
2.400E+1	7.999E+1
2.500E+1	7.695E+1
2.600E+1	7.461E+1
2.700E+1	7.571E+1
2.800E+1	7.451E+1
2.900E+1	7.716E+1
3.000E+1	7.690E+1
3.100E+1	7.489E+1
3.200E+1	7.500E+1
3.300E+1	7.490E+1
3.400E+1	7.822E+1
3.500E+1	7.358E+1
3.600E+1	7.537E+1
3.700E+1	7.248E+1
3.800E+1	7.115E+1
3.900E+1	7.029E+1
4.000E+1	6.992E+1
4.100E+1	7.012E+1
4.200E+1	7.462E+1
4.300E+1	7.371E+1
4.305E+1	7.500E+1
4.310E+1	7.321E+1
4.315E+1	7.211E+1
4.320E+1	7.531E+1
4.325E+1	7.678E+1
4.330E+1	7.214E+1
4.335E+1	6.635E+1
4.340E+1	6.790E+1
4.345E+1	7.325E+1
4.350E+1	7.731E+1
4.355E+1	7.549E+1
4.360E+1	7.436E+1
4.365E+1	7.341E+1
4.370E+1	7.046E+1
4.375E+1	7.146E+1
4.380E+1	7.211E+1
4.385E+1	7.149E+1
4.390E+1	7.298E+1
4.395E+1	7.240E+1
4.400E+1	7.009E+1
4.405E+1	7.210E+1
4.410E+1	7.406E+1
4.415E+1	7.301E+1
4.420E+1	7.130E+1
4.425E+1	6.960E+1
4.430E+1	7.004E+1
4.435E+1	7.019E+1
4.440E+1	7.050E+1
4.445E+1	7.239E+1
4.450E+1	6.895E+1
4.455E+1	6.729E+1
4.460E+1	6.862E+1
4.465E+1	7.361E+1
4.470E+1	7.485E+1
4.475E+1	7.290E+1
4.480E+1	7.493E+1
4.485E+1	7.104E+1
4.490E+1	6.999E+1
4.495E+1	7.097E+1
4.500E+1	7.383E+1
4.505E+1	7.193E+1
4.510E+1	7.140E+1
4.515E+1	7.452E+1
4.520E+1	7.264E+1
4.525E+1	7.016E+1
4.530E+1	7.264E+1
4.535E+1	7.413E+1
4.540E+1	7.252E+1
4.545E+1	7.092E+1
4.550E+1	6.963E+1
4.555E+1	7.010E+1
4.560E+1	7.178E+1
4.565E+1	7.243E+1
4.570E+1	7.234E+1
4.575E+1	7.161E+1
4.580E+1	6.639E+1
4.585E+1	7.417E+1
4.590E+1	7.858E+1
4.595E+1	7.585E+1
4.600E+1	8.048E+1
4.605E+1	7.806E+1
4.610E+1	7.423E+1
4.615E+1	7.379E+1
4.620E+1	7.201E+1
4.625E+1	7.119E+1
4.630E+1	7.107E+1
4.635E+1	7.056E+1
4.640E+1	6.868E+1
4.645E+1	6.889E+1
4.650E+1	6.979E+1
4.655E+1	6.840E+1
4.660E+1	6.854E+1
4.665E+1	7.161E+1
4.670E+1	7.171E+1
4.675E+1	7.001E+1
4.680E+1	6.806E+1
4.685E+1	6.537E+1
4.690E+1	6.759E+1
4.695E+1	6.908E+1
4.700E+1	6.827E+1
4.705E+1	6.779E+1
4.710E+1	6.643E+1
4.715E+1	6.398E+1
4.720E+1	6.450E+1
4.725E+1	6.468E+1
4.730E+1	6.436E+1
4.735E+1	6.606E+1
4.740E+1	6.594E+1
4.745E+1	6.412E+1
4.750E+1	6.207E+1
4.755E+1	6.120E+1
4.760E+1	6.419E+1
4.765E+1	6.548E+1
4.770E+1	6.192E+1
4.775E+1	6.043E+1
4.780E+1	6.023E+1
4.785E+1	6.109E+1
4.790E+1	5.689E+1
4.795E+1	5.847E+1
4.800E+1	5.772E+1
4.805E+1	5.556E+1
4.810E+1	5.288E+1
4.815E+1	5.248E+1
4.820E+1	5.172E+1
4.825E+1	5.306E+1
4.830E+1	5.232E+1
4.835E+1	5.002E+1
4.840E+1	4.853E+1
4.845E+1	4.482E+1
4.850E+1	4.569E+1
4.855E+1	4.633E+1
4.860E+1	4.414E+1
4.865E+1	4.465E+1
4.870E+1	4.679E+1
4.875E+1	4.507E+1
4.880E+1	4.492E+1
4.885E+1	4.529E+1
4.890E+1	4.611E+1
4.895E+1	4.503E+1
4.900E+1	4.736E+1
5.000E+1	5.579E+1
5.100E+1	6.294E+1
5.200E+1	6.624E+1
5.300E+1	6.582E+1
5.400E+1	7.357E+1
5.500E+1	7.078E+1
5.600E+1	6.936E+1
5.700E+1	6.619E+1
5.800E+1	6.780E+1
5.900E+1	6.938E+1
6.000E+1	6.672E+1
