1.000E+0	-2.800E-1
2.000E+0	-4.800E-1
3.000E+0	-2.370E+0
4.000E+0	1.740E+0
5.000E+0	4.210E+0
6.000E+0	7.800E-1
7.000E+0	-8.100E-1
8.000E+0	-7.900E-1
9.000E+0	-1.880E+0
1.000E+1	-9.300E-1
1.100E+1	-3.000E-1
1.200E+1	1.750E+0
1.300E+1	2.407E+1
1.400E+1	5.738E+1
1.500E+1	6.858E+1
1.600E+1	6.953E+1
1.700E+1	7.161E+1
1.800E+1	7.327E+1
1.900E+1	7.138E+1
2.000E+1	7.113E+1
2.100E+1	7.129E+1
2.200E+1	7.118E+1
2.300E+1	7.073E+1
2.400E+1	7.058E+1
2.500E+1	6.984E+1
2.600E+1	6.929E+1
2.700E+1	6.935E+1
2.800E+1	6.638E+1
2.900E+1	6.699E+1
3.000E+1	6.698E+1
3.100E+1	6.634E+1
3.200E+1	6.760E+1
3.300E+1	6.776E+1
3.400E+1	6.490E+1
3.500E+1	6.372E+1
3.600E+1	6.639E+1
3.700E+1	6.719E+1
3.800E+1	6.606E+1
3.900E+1	6.706E+1
4.000E+1	6.740E+1
4.100E+1	6.685E+1
4.200E+1	6.387E+1
4.300E+1	6.382E+1
4.305E+1	6.416E+1
4.310E+1	6.348E+1
4.315E+1	6.483E+1
4.320E+1	6.589E+1
4.325E+1	6.720E+1
4.330E+1	6.724E+1
4.335E+1	6.590E+1
4.340E+1	6.602E+1
4.345E+1	6.634E+1
4.350E+1	6.625E+1
4.355E+1	6.587E+1
4.360E+1	6.545E+1
4.365E+1	6.516E+1
4.370E+1	5.989E+1
4.375E+1	6.134E+1
4.380E+1	6.762E+1
4.385E+1	6.691E+1
4.390E+1	6.424E+1
4.395E+1	6.466E+1
4.400E+1	6.553E+1
4.405E+1	6.639E+1
4.410E+1	6.758E+1
4.415E+1	6.851E+1
4.420E+1	6.885E+1
4.425E+1	6.987E+1
4.430E+1	6.736E+1
4.435E+1	6.613E+1
4.440E+1	6.606E+1
4.445E+1	6.507E+1
4.450E+1	6.523E+1
4.455E+1	6.544E+1
4.460E+1	6.505E+1
4.465E+1	6.555E+1
4.470E+1	6.475E+1
4.475E+1	6.443E+1
4.480E+1	6.503E+1
4.485E+1	6.482E+1
4.490E+1	6.414E+1
4.495E+1	6.435E+1
4.500E+1	6.425E+1
4.505E+1	6.444E+1
4.510E+1	6.472E+1
4.515E+1	6.373E+1
4.520E+1	6.368E+1
4.525E+1	6.392E+1
4.530E+1	6.450E+1
4.535E+1	6.352E+1
4.540E+1	6.358E+1
4.545E+1	6.404E+1
4.550E+1	6.379E+1
4.555E+1	6.300E+1
4.560E+1	6.279E+1
4.565E+1	6.252E+1
4.570E+1	6.293E+1
4.575E+1	6.266E+1
4.580E+1	6.291E+1
4.585E+1	6.178E+1
4.590E+1	6.112E+1
4.595E+1	6.120E+1
4.600E+1	6.120E+1
4.605E+1	6.064E+1
4.610E+1	6.003E+1
4.615E+1	5.966E+1
4.620E+1	5.816E+1
4.625E+1	5.782E+1
4.630E+1	5.686E+1
4.635E+1	5.511E+1
4.640E+1	5.385E+1
4.645E+1	5.312E+1
4.650E+1	5.199E+1
4.655E+1	5.040E+1
4.660E+1	4.937E+1
4.665E+1	4.788E+1
4.670E+1	4.676E+1
4.675E+1	4.546E+1
4.680E+1	4.412E+1
4.685E+1	4.220E+1
4.690E+1	4.034E+1
4.695E+1	4.006E+1
4.700E+1	3.939E+1
4.705E+1	3.899E+1
4.710E+1	3.849E+1
4.715E+1	3.858E+1
4.720E+1	3.940E+1
4.725E+1	4.080E+1
4.730E+1	4.228E+1
4.735E+1	4.217E+1
4.740E+1	4.398E+1
4.745E+1	4.561E+1
4.750E+1	4.699E+1
4.755E+1	4.797E+1
4.760E+1	4.910E+1
4.765E+1	5.020E+1
4.770E+1	5.132E+1
4.775E+1	5.246E+1
4.780E+1	5.332E+1
4.785E+1	5.446E+1
4.790E+1	5.546E+1
4.795E+1	5.640E+1
4.800E+1	5.701E+1
4.805E+1	5.681E+1
4.810E+1	5.729E+1
4.815E+1	5.766E+1
4.820E+1	5.852E+1
4.825E+1	5.876E+1
4.830E+1	5.904E+1
4.835E+1	5.977E+1
4.840E+1	5.968E+1
4.845E+1	6.037E+1
4.850E+1	6.098E+1
4.855E+1	6.069E+1
4.860E+1	6.096E+1
4.865E+1	6.101E+1
4.870E+1	6.144E+1
4.875E+1	6.136E+1
4.880E+1	6.132E+1
4.885E+1	6.129E+1
4.890E+1	6.172E+1
4.895E+1	6.213E+1
4.900E+1	6.087E+1
5.000E+1	6.187E+1
5.100E+1	6.262E+1
5.200E+1	6.381E+1
5.300E+1	6.569E+1
5.400E+1	6.522E+1
5.500E+1	6.437E+1
5.600E+1	6.450E+1
5.700E+1	6.353E+1
5.800E+1	6.357E+1
5.900E+1	6.397E+1
6.000E+1	6.215E+1
