1.000E+0	-1.100E+0
2.000E+0	-5.900E-1
3.000E+0	2.810E+0
4.000E+0	-5.000E-2
5.000E+0	-1.330E+0
6.000E+0	0.000E+0
7.000E+0	-1.050E+0
8.000E+0	4.800E-1
9.000E+0	1.500E-1
1.000E+1	2.800E-1
1.100E+1	2.900E-1
1.200E+1	1.220E+0
1.300E+1	1.297E+1
1.400E+1	4.264E+1
1.500E+1	5.744E+1
1.600E+1	6.115E+1
1.700E+1	6.163E+1
1.800E+1	6.141E+1
1.900E+1	6.162E+1
2.000E+1	6.123E+1
2.100E+1	6.154E+1
2.200E+1	6.115E+1
2.300E+1	6.141E+1
2.400E+1	6.095E+1
2.500E+1	5.969E+1
2.600E+1	5.923E+1
2.700E+1	5.899E+1
2.800E+1	5.876E+1
2.900E+1	5.868E+1
3.000E+1	5.889E+1
3.100E+1	5.902E+1
3.200E+1	5.863E+1
3.300E+1	5.827E+1
3.400E+1	5.741E+1
3.500E+1	5.660E+1
3.600E+1	5.674E+1
3.700E+1	5.590E+1
3.800E+1	5.555E+1
3.900E+1	5.600E+1
4.000E+1	5.665E+1
4.100E+1	5.666E+1
4.200E+1	5.467E+1
4.300E+1	5.626E+1
4.305E+1	5.673E+1
4.310E+1	5.623E+1
4.315E+1	5.593E+1
4.320E+1	5.556E+1
4.325E+1	5.537E+1
4.330E+1	5.531E+1
4.335E+1	5.559E+1
4.340E+1	5.555E+1
4.345E+1	5.587E+1
4.350E+1	5.573E+1
4.355E+1	5.343E+1
4.360E+1	5.551E+1
4.365E+1	5.540E+1
4.370E+1	5.469E+1
4.375E+1	5.426E+1
4.380E+1	5.413E+1
4.385E+1	5.431E+1
4.390E+1	5.465E+1
4.395E+1	5.461E+1
4.400E+1	5.538E+1
4.405E+1	5.479E+1
4.410E+1	5.429E+1
4.415E+1	5.473E+1
4.420E+1	5.411E+1
4.425E+1	5.421E+1
4.430E+1	5.391E+1
4.435E+1	5.366E+1
4.440E+1	5.280E+1
4.445E+1	5.319E+1
4.450E+1	5.358E+1
4.455E+1	5.289E+1
4.460E+1	5.315E+1
4.465E+1	5.321E+1
4.470E+1	5.320E+1
4.475E+1	5.576E+1
4.480E+1	5.742E+1
4.485E+1	5.697E+1
4.490E+1	5.381E+1
4.495E+1	5.482E+1
4.500E+1	5.519E+1
4.505E+1	5.410E+1
4.510E+1	5.425E+1
4.515E+1	5.355E+1
4.520E+1	5.286E+1
4.525E+1	5.426E+1
4.530E+1	5.589E+1
4.535E+1	5.349E+1
4.540E+1	5.103E+1
4.545E+1	5.414E+1
4.550E+1	5.175E+1
4.555E+1	4.776E+1
4.560E+1	4.867E+1
4.565E+1	4.702E+1
4.570E+1	4.233E+1
4.575E+1	4.480E+1
4.580E+1	4.151E+1
4.585E+1	4.509E+1
4.590E+1	4.604E+1
4.595E+1	3.969E+1
4.600E+1	3.866E+1
4.605E+1	3.812E+1
4.610E+1	3.959E+1
4.615E+1	3.962E+1
4.620E+1	3.639E+1
4.625E+1	4.013E+1
4.630E+1	4.079E+1
4.635E+1	3.881E+1
4.640E+1	3.861E+1
4.645E+1	3.690E+1
4.650E+1	3.706E+1
4.655E+1	3.734E+1
4.660E+1	3.660E+1
4.665E+1	4.201E+1
4.670E+1	4.095E+1
4.675E+1	3.912E+1
4.680E+1	4.029E+1
4.685E+1	4.121E+1
4.690E+1	4.155E+1
4.695E+1	4.481E+1
4.700E+1	4.597E+1
4.705E+1	4.507E+1
4.710E+1	4.632E+1
4.715E+1	4.777E+1
4.720E+1	4.904E+1
4.725E+1	4.902E+1
4.730E+1	4.900E+1
4.735E+1	4.934E+1
4.740E+1	4.969E+1
4.745E+1	5.007E+1
4.750E+1	5.084E+1
4.755E+1	5.070E+1
4.760E+1	5.067E+1
4.765E+1	5.092E+1
4.770E+1	5.061E+1
4.775E+1	5.062E+1
4.780E+1	5.140E+1
4.785E+1	5.160E+1
4.790E+1	5.134E+1
4.795E+1	5.156E+1
4.800E+1	5.147E+1
4.805E+1	5.172E+1
4.810E+1	5.154E+1
4.815E+1	5.150E+1
4.820E+1	5.163E+1
4.825E+1	5.160E+1
4.830E+1	5.173E+1
4.835E+1	5.186E+1
4.840E+1	5.197E+1
4.845E+1	5.188E+1
4.850E+1	5.099E+1
4.855E+1	5.160E+1
4.860E+1	5.227E+1
4.865E+1	5.211E+1
4.870E+1	5.242E+1
4.875E+1	5.247E+1
4.880E+1	5.210E+1
4.885E+1	5.182E+1
4.890E+1	5.194E+1
4.895E+1	5.232E+1
4.900E+1	5.222E+1
5.000E+1	5.288E+1
5.100E+1	5.312E+1
5.200E+1	5.395E+1
5.300E+1	5.448E+1
5.400E+1	5.453E+1
5.500E+1	5.485E+1
5.600E+1	5.511E+1
5.700E+1	5.511E+1
5.800E+1	5.485E+1
5.900E+1	5.427E+1
6.000E+1	5.363E+1
