1.000E+0	-1.100E-1
2.000E+0	-7.000E-2
3.000E+0	1.000E-2
4.000E+0	-1.100E-1
5.000E+0	-4.000E-2
6.000E+0	8.000E-2
7.000E+0	-1.000E-2
8.000E+0	-1.000E-2
9.000E+0	-8.000E-2
1.000E+1	-9.000E-2
1.100E+1	1.000E-2
1.200E+1	8.600E-1
1.300E+1	1.354E+1
1.400E+1	2.627E+1
1.500E+1	2.966E+1
1.600E+1	3.000E+1
1.700E+1	2.997E+1
1.800E+1	2.991E+1
1.900E+1	3.023E+1
2.000E+1	3.065E+1
2.100E+1	3.090E+1
2.200E+1	3.031E+1
2.300E+1	2.979E+1
2.400E+1	2.932E+1
2.500E+1	2.878E+1
2.600E+1	2.864E+1
2.700E+1	2.877E+1
2.800E+1	2.877E+1
2.900E+1	2.892E+1
3.000E+1	2.901E+1
3.100E+1	2.896E+1
3.200E+1	2.842E+1
3.300E+1	2.927E+1
3.400E+1	2.824E+1
3.500E+1	2.802E+1
3.600E+1	2.836E+1
3.700E+1	2.858E+1
3.800E+1	2.875E+1
3.900E+1	2.875E+1
4.000E+1	2.873E+1
4.100E+1	2.853E+1
4.200E+1	2.828E+1
4.300E+1	2.822E+1
4.305E+1	2.816E+1
4.310E+1	2.808E+1
4.315E+1	2.802E+1
4.320E+1	2.783E+1
4.325E+1	2.784E+1
4.330E+1	2.776E+1
4.335E+1	2.771E+1
4.340E+1	2.760E+1
4.345E+1	2.762E+1
4.350E+1	2.760E+1
4.355E+1	2.752E+1
4.360E+1	2.747E+1
4.365E+1	2.745E+1
4.370E+1	2.761E+1
4.375E+1	2.769E+1
4.380E+1	2.761E+1
4.385E+1	2.751E+1
4.390E+1	2.750E+1
4.395E+1	2.755E+1
4.400E+1	2.750E+1
4.405E+1	2.739E+1
4.410E+1	2.738E+1
4.415E+1	2.727E+1
4.420E+1	2.729E+1
4.425E+1	2.738E+1
4.430E+1	2.744E+1
4.435E+1	2.745E+1
4.440E+1	2.734E+1
4.445E+1	2.735E+1
4.450E+1	2.740E+1
4.455E+1	2.729E+1
4.460E+1	2.718E+1
4.465E+1	2.720E+1
4.470E+1	2.718E+1
4.475E+1	2.713E+1
4.480E+1	2.695E+1
4.485E+1	2.681E+1
4.490E+1	2.666E+1
4.495E+1	2.648E+1
4.500E+1	2.627E+1
4.505E+1	2.602E+1
4.510E+1	2.560E+1
4.515E+1	2.515E+1
4.520E+1	2.459E+1
4.525E+1	2.413E+1
4.530E+1	2.365E+1
4.535E+1	2.314E+1
4.540E+1	2.261E+1
4.545E+1	2.214E+1
4.550E+1	2.183E+1
4.555E+1	2.159E+1
4.560E+1	2.138E+1
4.565E+1	2.105E+1
4.570E+1	2.104E+1
4.575E+1	2.192E+1
4.580E+1	2.146E+1
4.585E+1	2.105E+1
4.590E+1	2.143E+1
4.595E+1	2.162E+1
4.600E+1	2.225E+1
4.605E+1	2.227E+1
4.610E+1	2.252E+1
4.615E+1	2.291E+1
4.620E+1	2.310E+1
4.625E+1	2.343E+1
4.630E+1	2.426E+1
4.635E+1	2.459E+1
4.640E+1	2.455E+1
4.645E+1	2.490E+1
4.650E+1	2.467E+1
4.655E+1	2.568E+1
4.660E+1	2.553E+1
4.665E+1	2.598E+1
4.670E+1	2.616E+1
4.675E+1	2.649E+1
4.680E+1	2.665E+1
4.685E+1	2.660E+1
4.690E+1	2.645E+1
4.695E+1	2.653E+1
4.700E+1	2.661E+1
4.705E+1	2.652E+1
4.710E+1	2.663E+1
4.715E+1	2.662E+1
4.720E+1	2.664E+1
4.725E+1	2.660E+1
4.730E+1	2.674E+1
4.735E+1	2.680E+1
4.740E+1	2.679E+1
4.745E+1	2.684E+1
4.750E+1	2.684E+1
4.755E+1	2.678E+1
4.760E+1	2.685E+1
4.765E+1	2.691E+1
4.770E+1	2.702E+1
4.775E+1	2.703E+1
4.780E+1	2.686E+1
4.785E+1	2.671E+1
4.790E+1	2.676E+1
4.795E+1	2.672E+1
4.800E+1	2.669E+1
4.805E+1	2.671E+1
4.810E+1	2.678E+1
4.815E+1	2.678E+1
4.820E+1	2.684E+1
4.825E+1	2.676E+1
4.830E+1	2.681E+1
4.835E+1	2.692E+1
4.840E+1	2.690E+1
4.845E+1	2.689E+1
4.850E+1	2.689E+1
4.855E+1	2.678E+1
4.860E+1	2.675E+1
4.865E+1	2.680E+1
4.870E+1	2.690E+1
4.875E+1	2.682E+1
4.880E+1	2.687E+1
4.885E+1	2.694E+1
4.890E+1	2.712E+1
4.895E+1	2.712E+1
4.900E+1	2.717E+1
5.000E+1	2.747E+1
5.100E+1	2.747E+1
5.200E+1	2.739E+1
5.300E+1	2.761E+1
5.400E+1	2.769E+1
5.500E+1	2.790E+1
5.600E+1	2.793E+1
5.700E+1	2.791E+1
5.800E+1	2.768E+1
5.900E+1	2.724E+1
6.000E+1	2.694E+1
