1.000E+0	-2.210E+0
2.000E+0	3.140E+0
3.000E+0	3.370E+0
4.000E+0	1.640E+0
5.000E+0	-2.400E-1
6.000E+0	-5.600E-1
7.000E+0	-1.370E+0
8.000E+0	2.200E-1
9.000E+0	2.360E+0
1.000E+1	1.030E+0
1.100E+1	-1.640E+0
1.200E+1	-1.400E+0
1.300E+1	2.896E+1
1.400E+1	9.525E+1
1.500E+1	1.259E+2
1.600E+1	1.307E+2
1.700E+1	1.308E+2
1.800E+1	1.293E+2
1.900E+1	1.293E+2
2.000E+1	1.289E+2
2.100E+1	1.283E+2
2.200E+1	1.018E+2
2.300E+1	1.015E+2
2.400E+1	1.137E+2
2.500E+1	1.059E+2
2.600E+1	1.018E+2
2.700E+1	1.011E+2
2.800E+1	1.008E+2
2.900E+1	1.011E+2
3.000E+1	1.015E+2
3.100E+1	1.018E+2
3.200E+1	1.019E+2
3.300E+1	1.010E+2
3.400E+1	9.878E+1
3.500E+1	9.827E+1
3.600E+1	9.851E+1
3.700E+1	9.811E+1
3.800E+1	9.936E+1
3.900E+1	1.003E+2
4.000E+1	9.908E+1
4.100E+1	9.712E+1
4.200E+1	9.596E+1
4.300E+1	9.788E+1
4.305E+1	9.711E+1
4.310E+1	9.605E+1
4.315E+1	9.550E+1
4.320E+1	9.481E+1
4.325E+1	9.369E+1
4.330E+1	9.330E+1
4.335E+1	9.322E+1
4.340E+1	9.284E+1
4.345E+1	9.285E+1
4.350E+1	9.290E+1
4.355E+1	9.309E+1
4.360E+1	9.367E+1
4.365E+1	9.369E+1
4.370E+1	9.375E+1
4.375E+1	9.377E+1
4.380E+1	9.380E+1
4.385E+1	9.401E+1
4.390E+1	9.422E+1
4.395E+1	9.431E+1
4.400E+1	9.448E+1
4.405E+1	9.531E+1
4.410E+1	9.483E+1
4.415E+1	9.368E+1
4.420E+1	9.285E+1
4.425E+1	9.333E+1
4.430E+1	9.438E+1
4.435E+1	9.460E+1
4.440E+1	9.437E+1
4.445E+1	9.390E+1
4.450E+1	9.346E+1
4.455E+1	9.206E+1
4.460E+1	9.390E+1
4.465E+1	9.407E+1
4.470E+1	9.214E+1
4.475E+1	9.146E+1
4.480E+1	9.140E+1
4.485E+1	9.063E+1
4.490E+1	8.934E+1
4.495E+1	8.792E+1
4.500E+1	8.692E+1
4.505E+1	8.538E+1
4.510E+1	8.447E+1
4.515E+1	8.358E+1
4.520E+1	8.259E+1
4.525E+1	8.156E+1
4.530E+1	8.083E+1
4.535E+1	7.955E+1
4.540E+1	7.872E+1
4.545E+1	7.782E+1
4.550E+1	7.731E+1
4.555E+1	7.745E+1
4.560E+1	7.729E+1
4.565E+1	7.729E+1
4.570E+1	7.711E+1
4.575E+1	7.767E+1
4.580E+1	7.820E+1
4.585E+1	7.891E+1
4.590E+1	7.960E+1
4.595E+1	8.051E+1
4.600E+1	8.142E+1
4.605E+1	8.229E+1
4.610E+1	8.325E+1
4.615E+1	8.430E+1
4.620E+1	8.510E+1
4.625E+1	8.610E+1
4.630E+1	8.711E+1
4.635E+1	8.803E+1
4.640E+1	8.817E+1
4.645E+1	8.805E+1
4.650E+1	8.888E+1
4.655E+1	8.951E+1
4.660E+1	9.064E+1
4.665E+1	9.189E+1
4.670E+1	9.163E+1
4.675E+1	9.074E+1
4.680E+1	9.082E+1
4.685E+1	9.090E+1
4.690E+1	9.090E+1
4.695E+1	9.127E+1
4.700E+1	9.163E+1
4.705E+1	9.142E+1
4.710E+1	9.130E+1
4.715E+1	9.154E+1
4.720E+1	9.141E+1
4.725E+1	9.140E+1
4.730E+1	9.128E+1
4.735E+1	9.111E+1
4.740E+1	9.116E+1
4.745E+1	9.135E+1
4.750E+1	9.102E+1
4.755E+1	9.126E+1
4.760E+1	9.115E+1
4.765E+1	9.122E+1
4.770E+1	9.104E+1
4.775E+1	9.107E+1
4.780E+1	9.092E+1
4.785E+1	9.092E+1
4.790E+1	9.084E+1
4.795E+1	9.082E+1
4.800E+1	9.097E+1
4.805E+1	9.089E+1
4.810E+1	9.082E+1
4.815E+1	9.102E+1
4.820E+1	9.097E+1
4.825E+1	9.081E+1
4.830E+1	9.064E+1
4.835E+1	9.069E+1
4.840E+1	9.072E+1
4.845E+1	9.085E+1
4.850E+1	9.071E+1
4.855E+1	9.098E+1
4.860E+1	9.110E+1
4.865E+1	9.115E+1
4.870E+1	9.112E+1
4.875E+1	9.093E+1
4.880E+1	9.064E+1
4.885E+1	9.120E+1
4.890E+1	9.116E+1
4.895E+1	9.116E+1
4.900E+1	9.124E+1
5.000E+1	9.188E+1
5.100E+1	9.223E+1
5.200E+1	9.205E+1
5.300E+1	9.240E+1
5.400E+1	9.250E+1
5.500E+1	9.324E+1
5.600E+1	9.372E+1
5.700E+1	9.347E+1
5.800E+1	9.285E+1
5.900E+1	9.159E+1
6.000E+1	9.008E+1
