1.000E+0	-3.000E-2
2.000E+0	0.000E+0
3.000E+0	-5.000E-2
4.000E+0	-3.000E-2
5.000E+0	-8.000E-2
6.000E+0	-6.000E-2
7.000E+0	-6.000E-2
8.000E+0	-8.000E-2
9.000E+0	8.000E-2
1.000E+1	-2.000E-2
1.100E+1	-1.700E-1
1.200E+1	3.000E+0
1.300E+1	3.970E+1
1.400E+1	1.047E+2
1.500E+1	1.302E+2
1.600E+1	1.327E+2
1.700E+1	1.232E+2
1.800E+1	1.183E+2
1.900E+1	1.163E+2
2.000E+1	1.138E+2
2.100E+1	1.138E+2
2.200E+1	1.118E+2
2.300E+1	1.106E+2
2.400E+1	1.089E+2
2.500E+1	1.066E+2
2.600E+1	1.052E+2
2.700E+1	1.054E+2
2.800E+1	1.062E+2
2.900E+1	1.076E+2
3.000E+1	1.081E+2
3.100E+1	1.080E+2
3.200E+1	1.070E+2
3.300E+1	1.056E+2
3.400E+1	1.033E+2
3.500E+1	1.026E+2
3.600E+1	1.033E+2
3.700E+1	1.031E+2
3.800E+1	1.036E+2
3.900E+1	1.032E+2
4.000E+1	1.033E+2
4.100E+1	1.028E+2
4.200E+1	1.016E+2
4.300E+1	1.004E+2
4.305E+1	9.997E+1
4.310E+1	9.975E+1
4.315E+1	9.964E+1
4.320E+1	9.959E+1
4.325E+1	9.958E+1
4.330E+1	9.952E+1
4.335E+1	9.938E+1
4.340E+1	9.923E+1
4.345E+1	9.910E+1
4.350E+1	9.909E+1
4.355E+1	9.903E+1
4.360E+1	9.868E+1
4.365E+1	9.848E+1
4.370E+1	9.864E+1
4.375E+1	9.877E+1
4.380E+1	9.906E+1
4.385E+1	9.922E+1
4.390E+1	9.936E+1
4.395E+1	9.926E+1
4.400E+1	9.921E+1
4.405E+1	9.908E+1
4.410E+1	9.903E+1
4.415E+1	9.911E+1
4.420E+1	9.931E+1
4.425E+1	9.883E+1
4.430E+1	9.864E+1
4.435E+1	9.860E+1
4.440E+1	9.840E+1
4.445E+1	9.740E+1
4.450E+1	9.670E+1
4.455E+1	9.652E+1
4.460E+1	9.595E+1
4.465E+1	9.517E+1
4.470E+1	9.428E+1
4.475E+1	9.326E+1
4.480E+1	9.220E+1
4.485E+1	9.068E+1
4.490E+1	8.996E+1
4.495E+1	8.942E+1
4.500E+1	8.864E+1
4.505E+1	8.779E+1
4.510E+1	8.699E+1
4.515E+1	8.599E+1
4.520E+1	8.527E+1
4.525E+1	8.495E+1
4.530E+1	8.495E+1
4.535E+1	8.496E+1
4.540E+1	8.516E+1
4.545E+1	8.543E+1
4.550E+1	8.569E+1
4.555E+1	8.584E+1
4.560E+1	8.639E+1
4.565E+1	8.677E+1
4.570E+1	8.740E+1
4.575E+1	8.797E+1
4.580E+1	8.881E+1
4.585E+1	8.955E+1
4.590E+1	9.031E+1
4.595E+1	9.100E+1
4.600E+1	9.180E+1
4.605E+1	9.243E+1
4.610E+1	9.318E+1
4.615E+1	9.377E+1
4.620E+1	9.434E+1
4.625E+1	9.472E+1
4.630E+1	9.514E+1
4.635E+1	9.533E+1
4.640E+1	9.555E+1
4.645E+1	9.553E+1
4.650E+1	9.562E+1
4.655E+1	9.572E+1
4.660E+1	9.582E+1
4.665E+1	9.585E+1
4.670E+1	9.591E+1
4.675E+1	9.600E+1
4.680E+1	9.597E+1
4.685E+1	9.588E+1
4.690E+1	9.585E+1
4.695E+1	9.579E+1
4.700E+1	9.571E+1
4.705E+1	9.555E+1
4.710E+1	9.548E+1
4.715E+1	9.559E+1
4.720E+1	9.546E+1
4.725E+1	9.539E+1
4.730E+1	9.529E+1
4.735E+1	9.525E+1
4.740E+1	9.524E+1
4.745E+1	9.520E+1
4.750E+1	9.521E+1
4.755E+1	9.513E+1
4.760E+1	9.506E+1
4.765E+1	9.497E+1
4.770E+1	9.492E+1
4.775E+1	9.487E+1
4.780E+1	9.489E+1
4.785E+1	9.487E+1
4.790E+1	9.492E+1
4.795E+1	9.491E+1
4.800E+1	9.491E+1
4.900E+1	9.517E+1
5.000E+1	9.614E+1
5.100E+1	9.627E+1
5.200E+1	9.572E+1
5.300E+1	9.597E+1
5.400E+1	9.631E+1
5.500E+1	9.638E+1
5.600E+1	9.641E+1
5.700E+1	9.638E+1
5.800E+1	9.627E+1
5.900E+1	9.499E+1
6.000E+1	9.364E+1
