1.000E+0	1.000E-2
2.000E+0	-8.000E-2
3.000E+0	-3.000E-2
4.000E+0	4.000E-2
5.000E+0	3.000E-2
6.000E+0	2.000E-2
7.000E+0	2.000E-2
8.000E+0	2.000E-2
9.000E+0	0.000E+0
1.000E+1	-7.000E-2
1.100E+1	-2.000E-2
1.200E+1	5.100E-1
1.300E+1	5.320E+0
1.400E+1	2.924E+1
1.500E+1	4.225E+1
1.600E+1	4.463E+1
1.700E+1	4.487E+1
1.800E+1	4.467E+1
1.900E+1	4.444E+1
2.000E+1	4.449E+1
2.100E+1	4.421E+1
2.200E+1	4.401E+1
2.300E+1	4.375E+1
2.400E+1	4.350E+1
2.500E+1	4.294E+1
2.600E+1	4.282E+1
2.700E+1	4.350E+1
2.800E+1	4.320E+1
2.900E+1	4.289E+1
3.000E+1	4.346E+1
3.100E+1	4.396E+1
3.200E+1	4.379E+1
3.300E+1	4.341E+1
3.400E+1	4.236E+1
3.500E+1	4.173E+1
3.600E+1	4.184E+1
3.700E+1	4.188E+1
3.800E+1	4.202E+1
3.900E+1	4.199E+1
4.000E+1	4.177E+1
4.100E+1	4.136E+1
4.200E+1	4.065E+1
4.300E+1	4.087E+1
4.305E+1	4.037E+1
4.310E+1	4.026E+1
4.315E+1	4.041E+1
4.320E+1	4.044E+1
4.325E+1	4.036E+1
4.330E+1	4.029E+1
4.335E+1	4.024E+1
4.340E+1	4.010E+1
4.345E+1	3.997E+1
4.350E+1	3.992E+1
4.355E+1	3.993E+1
4.360E+1	3.992E+1
4.365E+1	3.985E+1
4.370E+1	3.972E+1
4.375E+1	3.969E+1
4.380E+1	3.955E+1
4.385E+1	3.950E+1
4.390E+1	3.941E+1
4.395E+1	3.949E+1
4.400E+1	3.958E+1
4.405E+1	3.969E+1
4.410E+1	3.975E+1
4.415E+1	3.976E+1
4.420E+1	3.963E+1
4.425E+1	3.949E+1
4.430E+1	3.934E+1
4.435E+1	3.916E+1
4.440E+1	3.898E+1
4.445E+1	3.874E+1
4.450E+1	3.860E+1
4.455E+1	3.847E+1
4.460E+1	3.831E+1
4.465E+1	3.803E+1
4.470E+1	3.787E+1
4.475E+1	3.773E+1
4.480E+1	3.762E+1
4.485E+1	3.752E+1
4.490E+1	3.740E+1
4.495E+1	3.735E+1
4.500E+1	3.734E+1
4.505E+1	3.735E+1
4.510E+1	3.736E+1
4.515E+1	3.742E+1
4.520E+1	3.743E+1
4.525E+1	3.747E+1
4.530E+1	3.749E+1
4.535E+1	3.759E+1
4.540E+1	3.763E+1
4.545E+1	3.777E+1
4.550E+1	3.789E+1
4.555E+1	3.806E+1
4.560E+1	3.819E+1
4.565E+1	3.840E+1
4.570E+1	3.856E+1
4.575E+1	3.868E+1
4.580E+1	3.882E+1
4.585E+1	3.897E+1
4.590E+1	3.910E+1
4.595E+1	3.932E+1
4.600E+1	3.951E+1
4.605E+1	3.968E+1
4.610E+1	3.980E+1
4.615E+1	3.992E+1
4.620E+1	3.994E+1
4.625E+1	3.999E+1
4.630E+1	3.999E+1
4.635E+1	4.004E+1
4.640E+1	4.006E+1
4.645E+1	4.003E+1
4.650E+1	4.004E+1
4.655E+1	3.998E+1
4.660E+1	3.996E+1
4.665E+1	3.992E+1
4.670E+1	3.977E+1
4.675E+1	3.976E+1
4.680E+1	3.976E+1
4.685E+1	3.978E+1
4.690E+1	3.977E+1
4.695E+1	3.976E+1
4.700E+1	3.972E+1
4.705E+1	3.972E+1
4.710E+1	3.966E+1
4.715E+1	3.956E+1
4.720E+1	3.948E+1
4.725E+1	3.943E+1
4.730E+1	3.932E+1
4.735E+1	3.927E+1
4.740E+1	3.928E+1
4.745E+1	3.925E+1
4.750E+1	3.917E+1
4.755E+1	3.912E+1
4.760E+1	3.907E+1
4.765E+1	3.906E+1
4.770E+1	3.901E+1
4.775E+1	3.902E+1
4.780E+1	3.897E+1
4.785E+1	3.895E+1
4.790E+1	3.893E+1
4.795E+1	3.890E+1
4.800E+1	3.884E+1
4.900E+1	3.871E+1
5.000E+1	3.893E+1
5.100E+1	3.895E+1
5.200E+1	3.855E+1
5.300E+1	3.841E+1
5.400E+1	3.845E+1
5.500E+1	3.832E+1
5.600E+1	3.821E+1
5.700E+1	3.810E+1
5.800E+1	3.789E+1
5.900E+1	3.728E+1
6.000E+1	3.644E+1
