1.000E+0	1.200E-1
2.000E+0	0.000E+0
3.000E+0	-5.000E-2
4.000E+0	-6.000E-2
5.000E+0	2.000E-2
6.000E+0	3.000E-2
7.000E+0	-3.000E-2
8.000E+0	-1.000E-2
9.000E+0	0.000E+0
1.000E+1	4.000E-2
1.100E+1	4.000E-2
1.200E+1	5.300E-1
1.300E+1	6.990E+0
1.400E+1	3.221E+1
1.500E+1	4.469E+1
1.600E+1	4.665E+1
1.700E+1	4.671E+1
1.800E+1	4.631E+1
1.900E+1	4.623E+1
2.000E+1	4.634E+1
2.100E+1	4.635E+1
2.200E+1	4.681E+1
2.300E+1	4.682E+1
2.400E+1	4.634E+1
2.500E+1	4.524E+1
2.600E+1	4.465E+1
2.700E+1	4.510E+1
2.800E+1	4.560E+1
2.900E+1	4.574E+1
3.000E+1	4.570E+1
3.100E+1	4.588E+1
3.200E+1	4.566E+1
3.300E+1	4.516E+1
3.400E+1	4.423E+1
3.500E+1	4.341E+1
3.600E+1	4.356E+1
3.700E+1	4.365E+1
3.800E+1	4.377E+1
3.900E+1	4.380E+1
4.000E+1	4.420E+1
4.100E+1	4.386E+1
4.200E+1	4.311E+1
4.300E+1	4.259E+1
4.305E+1	4.243E+1
4.310E+1	4.242E+1
4.315E+1	4.240E+1
4.320E+1	4.233E+1
4.325E+1	4.219E+1
4.330E+1	4.209E+1
4.335E+1	4.201E+1
4.340E+1	4.187E+1
4.345E+1	4.164E+1
4.350E+1	4.160E+1
4.355E+1	4.168E+1
4.360E+1	4.164E+1
4.365E+1	4.151E+1
4.370E+1	4.145E+1
4.375E+1	4.130E+1
4.380E+1	4.118E+1
4.385E+1	4.110E+1
4.390E+1	4.103E+1
4.395E+1	4.100E+1
4.400E+1	4.094E+1
4.405E+1	4.105E+1
4.410E+1	4.116E+1
4.415E+1	4.125E+1
4.420E+1	4.126E+1
4.425E+1	4.118E+1
4.430E+1	4.106E+1
4.435E+1	4.092E+1
4.440E+1	4.080E+1
4.445E+1	4.061E+1
4.450E+1	4.047E+1
4.455E+1	4.034E+1
4.460E+1	4.022E+1
4.465E+1	4.012E+1
4.470E+1	4.001E+1
4.475E+1	3.987E+1
4.480E+1	3.976E+1
4.485E+1	3.969E+1
4.490E+1	3.963E+1
4.495E+1	3.959E+1
4.500E+1	3.952E+1
4.505E+1	3.957E+1
4.510E+1	3.964E+1
4.515E+1	3.969E+1
4.520E+1	3.971E+1
4.525E+1	3.974E+1
4.530E+1	3.979E+1
4.535E+1	3.980E+1
4.540E+1	3.985E+1
4.545E+1	3.992E+1
4.550E+1	3.996E+1
4.555E+1	4.006E+1
4.560E+1	4.016E+1
4.565E+1	4.030E+1
4.570E+1	4.038E+1
4.575E+1	4.050E+1
4.580E+1	4.060E+1
4.585E+1	4.071E+1
4.590E+1	4.078E+1
4.595E+1	4.089E+1
4.600E+1	4.097E+1
4.605E+1	4.112E+1
4.610E+1	4.118E+1
4.615E+1	4.124E+1
4.620E+1	4.128E+1
4.625E+1	4.128E+1
4.630E+1	4.131E+1
4.635E+1	4.126E+1
4.640E+1	4.092E+1
4.645E+1	4.120E+1
4.650E+1	4.135E+1
4.655E+1	4.131E+1
4.660E+1	4.116E+1
4.665E+1	4.118E+1
4.670E+1	4.104E+1
4.675E+1	4.121E+1
4.680E+1	4.106E+1
4.685E+1	4.101E+1
4.690E+1	4.090E+1
4.695E+1	4.115E+1
4.700E+1	4.095E+1
4.705E+1	4.071E+1
4.710E+1	4.083E+1
4.715E+1	4.090E+1
4.720E+1	4.081E+1
4.725E+1	4.078E+1
4.730E+1	4.071E+1
4.735E+1	4.069E+1
4.740E+1	4.041E+1
4.745E+1	4.050E+1
4.750E+1	4.045E+1
4.755E+1	4.061E+1
4.760E+1	4.048E+1
4.765E+1	4.040E+1
4.770E+1	4.037E+1
4.775E+1	4.031E+1
4.780E+1	4.024E+1
4.785E+1	4.024E+1
4.790E+1	4.024E+1
4.795E+1	4.027E+1
4.800E+1	4.026E+1
4.900E+1	4.022E+1
5.000E+1	4.053E+1
5.100E+1	4.073E+1
5.200E+1	4.055E+1
5.300E+1	4.051E+1
5.400E+1	4.066E+1
5.500E+1	4.051E+1
5.600E+1	4.052E+1
5.700E+1	4.014E+1
5.800E+1	3.960E+1
5.900E+1	3.894E+1
6.000E+1	3.820E+1
