1.000E+0	-5.000E-2
2.000E+0	2.000E-2
3.000E+0	-4.300E-1
4.000E+0	1.100E-1
5.000E+0	2.500E-1
6.000E+0	9.000E-2
7.000E+0	-5.000E-2
8.000E+0	0.000E+0
9.000E+0	-1.200E-1
1.000E+1	-1.300E-1
1.100E+1	5.000E-2
1.200E+1	1.260E+0
1.300E+1	2.799E+1
1.400E+1	6.905E+1
1.500E+1	8.454E+1
1.600E+1	8.698E+1
1.700E+1	8.666E+1
1.800E+1	8.620E+1
1.900E+1	8.606E+1
2.000E+1	8.603E+1
2.100E+1	8.583E+1
2.200E+1	8.545E+1
2.300E+1	8.553E+1
2.400E+1	8.433E+1
2.500E+1	8.221E+1
2.600E+1	8.157E+1
2.700E+1	8.289E+1
2.800E+1	8.423E+1
2.900E+1	8.435E+1
3.000E+1	8.452E+1
3.100E+1	8.485E+1
3.200E+1	8.407E+1
3.300E+1	8.300E+1
3.400E+1	8.123E+1
3.500E+1	8.045E+1
3.600E+1	8.107E+1
3.700E+1	8.103E+1
3.800E+1	8.110E+1
3.900E+1	8.108E+1
4.000E+1	8.109E+1
4.100E+1	8.022E+1
4.200E+1	7.893E+1
4.300E+1	7.811E+1
4.305E+1	7.755E+1
4.310E+1	7.707E+1
4.315E+1	7.683E+1
4.320E+1	7.677E+1
4.325E+1	7.671E+1
4.330E+1	7.664E+1
4.335E+1	7.653E+1
4.340E+1	7.648E+1
4.345E+1	7.648E+1
4.350E+1	7.616E+1
4.355E+1	7.584E+1
4.360E+1	7.582E+1
4.365E+1	7.575E+1
4.370E+1	7.578E+1
4.375E+1	7.581E+1
4.380E+1	7.598E+1
4.385E+1	7.604E+1
4.390E+1	7.586E+1
4.395E+1	7.567E+1
4.400E+1	7.555E+1
4.405E+1	7.546E+1
4.410E+1	7.519E+1
4.415E+1	7.493E+1
4.420E+1	7.463E+1
4.425E+1	7.437E+1
4.430E+1	7.428E+1
4.435E+1	7.416E+1
4.440E+1	7.401E+1
4.445E+1	7.386E+1
4.450E+1	7.370E+1
4.455E+1	7.354E+1
4.460E+1	7.352E+1
4.465E+1	7.339E+1
4.470E+1	7.333E+1
4.475E+1	7.362E+1
4.480E+1	7.379E+1
4.485E+1	7.391E+1
4.490E+1	7.397E+1
4.495E+1	7.401E+1
4.500E+1	7.403E+1
4.505E+1	7.406E+1
4.510E+1	7.418E+1
4.515E+1	7.427E+1
4.520E+1	7.449E+1
4.525E+1	7.465E+1
4.530E+1	7.482E+1
4.535E+1	7.500E+1
4.540E+1	7.505E+1
4.545E+1	7.518E+1
4.550E+1	7.534E+1
4.555E+1	7.543E+1
4.560E+1	7.569E+1
4.565E+1	7.587E+1
4.570E+1	7.599E+1
4.575E+1	7.600E+1
4.580E+1	7.601E+1
4.585E+1	7.601E+1
4.590E+1	7.597E+1
4.595E+1	7.595E+1
4.600E+1	7.598E+1
4.605E+1	7.598E+1
4.610E+1	7.594E+1
4.615E+1	7.581E+1
4.620E+1	7.577E+1
4.625E+1	7.581E+1
4.630E+1	7.576E+1
4.635E+1	7.566E+1
4.640E+1	7.552E+1
4.645E+1	7.541E+1
4.650E+1	7.532E+1
4.655E+1	7.527E+1
4.660E+1	7.530E+1
4.665E+1	7.528E+1
4.670E+1	7.506E+1
4.675E+1	7.524E+1
4.680E+1	7.528E+1
4.685E+1	7.530E+1
4.690E+1	7.520E+1
4.695E+1	7.503E+1
4.700E+1	7.493E+1
4.705E+1	7.483E+1
4.710E+1	7.470E+1
4.715E+1	7.460E+1
4.720E+1	7.459E+1
4.725E+1	7.443E+1
4.730E+1	7.426E+1
4.735E+1	7.432E+1
4.740E+1	7.426E+1
4.745E+1	7.422E+1
4.750E+1	7.415E+1
4.755E+1	7.413E+1
4.760E+1	7.410E+1
4.765E+1	7.408E+1
4.770E+1	7.402E+1
4.775E+1	7.396E+1
4.780E+1	7.394E+1
4.785E+1	7.394E+1
4.790E+1	7.394E+1
4.795E+1	7.387E+1
4.800E+1	7.379E+1
4.900E+1	7.395E+1
5.000E+1	7.455E+1
5.100E+1	7.452E+1
5.200E+1	7.409E+1
5.300E+1	7.407E+1
5.400E+1	7.408E+1
5.500E+1	7.388E+1
5.600E+1	7.384E+1
5.700E+1	7.341E+1
5.800E+1	7.274E+1
5.900E+1	7.148E+1
6.000E+1	6.991E+1
